x<-1:7
x
